<?xml version="1.0"?>
<opencv_storage>
<fundamental type_id="opencv-matrix">
  <rows>3</rows>
  <cols>3</cols>
  <dt>d</dt>
  <data>
    -1.1005195665167222e-008 -2.2641522831872308e-006
    3.8444787735501390e-003 2.3869674208332756e-006
    5.8979200888672795e-008 3.0879241927288414e-002
    -4.1891337055677130e-003 -3.1444221924322058e-002 1.</data></fundamental>
</opencv_storage>
